this is the old basic square map

OUTER_POINTS = {
    "A": (100, 100),
    "B": (700, 100),
    "C": (700, 500),
    "D": (100, 500),
}
INNER_POINTS = {
    "E": (250, 250),
    "F": (500, 250),
    "G": (500, 350),
    "H": (250, 350),
}

TRACK_DEFINITION = {
    "walls": [
        (OUTER_POINTS["A"], OUTER_POINTS["B"]),
        (OUTER_POINTS["B"], OUTER_POINTS["C"]),
        (OUTER_POINTS["C"], OUTER_POINTS["D"]),
        (OUTER_POINTS["D"], OUTER_POINTS["A"]),
        
        (INNER_POINTS["E"], INNER_POINTS["F"]),
        (INNER_POINTS["F"], INNER_POINTS["G"]),
        (INNER_POINTS["G"], INNER_POINTS["H"]),
        (INNER_POINTS["H"], INNER_POINTS["E"]),
    ]
}




CRAAAZY map that will lag alot. nice track though
TRACK_DEFINITION = {
    "walls": [
        # OUTER
        ((71, 80), (43, 152)),
        ((43, 152), (87, 329)),
        ((87, 329), (41, 464)),
        ((41, 464), (79, 619)),
        ((79, 619), (255, 692)),
        ((255, 692), (431, 664)),
        ((431, 664), (555, 578)),
        ((555, 578), (666, 551)),
        ((666, 551), (770, 586)),
        ((770, 586), (837, 656)),
        ((837, 656), (1022, 693)),
        ((1022, 693), (1152, 657)),
        ((1152, 657), (1185, 518)),
        ((1185, 518), (1093, 419)),
        ((1093, 419), (1113, 292)),
        ((1113, 292), (1184, 196)),
        ((1184, 196), (1123, 42)),
        ((1123, 42), (1035, 17)),
        ((1035, 17), (892, 64)),
        ((892, 64), (825, 147)),
        ((825, 147), (773, 202)),
        ((773, 202), (639, 238)),
        ((639, 238), (509, 237)),
        ((509, 237), (443, 180)),
        ((443, 180), (417, 90)),
        ((417, 90), (305, 47)),
        ((305, 47), (72, 81)),
        # INNER
        ((233, 213), (244, 333)),
        ((244, 333), (173, 462)),
        ((173, 462), (194, 553)),
        ((194, 553), (365, 560)),
        ((365, 560), (477, 465)),
        ((477, 465), (635, 417)),
        ((635, 417), (801, 448)),
        ((801, 448), (908, 544)),
        ((908, 544), (1003, 557)),
        ((1003, 557), (1029, 523)),
        ((1029, 523), (930, 391)),
        ((930, 391), (997, 254)),
        ((997, 254), (1044, 179)),
        ((1044, 179), (1029, 126)),
        ((1029, 126), (954, 144)),
        ((954, 144), (872, 287)),
        ((872, 287), (690, 336)),
        ((690, 336), (522, 341)),
        ((522, 341), (407, 303)),
        ((407, 303), (348, 225)),
        ((348, 225), (233, 215)),
    ]
}


a good map, performace good while still good map
TRACK_DEFINITION = {
    "outer": [
        (54, 77),
        (145, 377),
        (63, 549),
        (185, 698),
        (617, 565),
        (930, 661),
        (1096, 623),
        (1126, 505),
        (1002, 383),
        (987, 254),
        (1095, 140),
        (1034, 17),
        (768, 51),
        (614, 169),
        (367, 169),
        (207, 27),
    ],

    "inner": [
        (197, 161),
        (276, 374),
        (193, 519),
        (242, 578),
        (591, 444),
        (900, 537),
        (945, 505),
        (772, 332),
        (915, 148),
        (877, 133),
        (592, 305),
        (382, 307),
        (217, 154),
    ]
}